58
563891145256468481
672
689841330062491657
1015
174532410778583040
861
603426386912477192
1263
649020173667401758
913
885630598637563964
40
730265675104518215
1039
688592888111824967
520
199311820689899520
166
263220407379820544
132
235148962103951360
3
817153256186576936
12
461265486655520788
2
392365001702113280
1215
312343993566625793
211
741753225530703892
24
353631434608607232
664
506579992549916720
0
500920723880280064
8
282270401466204162
28
826921939553615894
7
547905866255433758
6
909916966247071824
0
283252658708676609
22
200369341395501056
6
396314805914566666
2
928920018564026420
10
210024430854733824
18
725562596836638821
1
235088799074484224
0
293551631876882434
2
156995792220061696
2
252347045266980864
1
155149108183695360
3
937828179077382145
1012
429305856241172480
10
830530156048285716
3
696451663376154686
2
713116254969266176
13
509429176454086676
13
754108769369194496
8
894064041331421245
111
900045734542471178
1
406613032362311681
1
613125254256132146
4
553036440213127180
3
284433331515555840
8
593130593185824781
3
648249113724583947
2
729091915546624016
21
608694335218909214
7
461704788913160194
26
876213512249147442
6
712151969204273193
11
924317149009444995
4
803826455871750155
13
432347249037803520
1
615259696584196096
3
