58
563891145256468481
12
649020173667401758
71
603426386912477192
89
688592888111824967
1
689841330062491657
3
730265675104518215
81
199311820689899520
4
263220407379820544
16
235148962103951360
0
817153256186576936
1
885630598637563964
0
461265486655520788
0
392365001702113280
85
174532410778583040
0
312343993566625793
0
741753225530703892
0
353631434608607232
28
506579992549916720
0
500920723880280064
1
282270401466204162
0
826921939553615894
0
547905866255433758
0
909916966247071824
0
283252658708676609
0
200369341395501056
0
396314805914566666
1
928920018564026420
0
210024430854733824
0
725562596836638821
0
235088799074484224
0
293551631876882434
1
156995792220061696
0
252347045266980864
0
155149108183695360
0
937828179077382145
0
429305856241172480
0
830530156048285716
0
696451663376154686
0
713116254969266176
1
509429176454086676
3
754108769369194496
0
894064041331421245
0
900045734542471178
0
406613032362311681
0
613125254256132146
0
553036440213127180
0
284433331515555840
0
593130593185824781
0
648249113724583947
0
729091915546624016
0
608694335218909214
0
461704788913160194
0
876213512249147442
0
712151969204273193
0
924317149009444995
0
803826455871750155
0
432347249037803520
0
615259696584196096
0
