26
563891145256468481
5
603426386912477192
37
730265675104518215
12
392365001702113280
13
353631434608607232
8
461704788913160194
0
174532410778583040
0
729091915546624016
0
712151969204273193
0
649020173667401758
6
263220407379820544
0
688592888111824967
2
312343993566625793
0
199311820689899520
3
509429176454086676
1
742983183527575562
0
593130593185824781
0
741753225530703892
0
680554945598062611
0
363884548779540481
0
689841330062491657
0
937828179077382145
0
235148962103951360
0
547905866255433758
0
500920723880280064
0
775417079632756736
0
