26
563891145256468481
217
603426386912477192
375
730265675104518215
328
392365001702113280
828
353631434608607232
250
461704788913160194
11
174532410778583040
323
729091915546624016
10
712151969204273193
4
649020173667401758
185
263220407379820544
21
688592888111824967
88
312343993566625793
82
199311820689899520
64
509429176454086676
5
742983183527575562
3
593130593185824781
5
741753225530703892
25
680554945598062611
6
363884548779540481
2
689841330062491657
33
937828179077382145
153
235148962103951360
1
547905866255433758
25
500920723880280064
2
775417079632756736
2
